0.58 0.62
0 0.64
0.01 0.68
0 0.86
-0.01 0.93
0.01 0.96
0 1.04
-0.09 1.12
-0.23 1.18
0.51 0
0 0
0 0
0 0
0 1.04
0 0.58
0 0.49
-0.22 0.49
-0.36 0.63
0.71 0
0.54 0
0 0
0 0
0 0.44
0 0.62
-0.03 0.55
-0.54 0.63
-0.66 0.55
0.66 0
0.64 0
0 0
0 0
0 0
0 0
0 0
-0.54 0
-0.76 0.01
0.55 0
0.56 0
0 0
0 0
0 0
0 0
-0.35 0
-0.58 0.01
-1.07 0
0.57 0
0 0
0 0
0 0
0 0
0 0
0 0
-0.66 -0.14
-1.27 -0.31
0.52 -0.59
0 -0.64
0 -0.59
0 -0.61
0 -0.69
0 -0.61
0 -0.6
-0.34 -0.61
0 0
0 0
0 0
0 0
0 0
0 0
0 0
0 0
0 0
0 0
0 0
0 0
0 0
0 0
0 0
0 0
0 0
0 0
